1        -120.0000  34.00000
6        -121.1377  34.77657
12       -122.5314  35.69417
17       -123.7173  36.44632
21       -124.6825  37.03946
24       -125.4164  37.47912
26       -125.9104  37.76968
27       -126.1589  37.91419
28       -126.4083  38.05817
31       -127.1625  38.48691
36       -128.4396  39.19055
42       -130.0058  40.01608
47       -131.3399  40.68758
49       -131.8811  40.95183
55       -133.5305  41.72910
56       -133.8093  41.85633
57       -134.0891  41.98288
58       -134.3701  42.10875
64       -136.0795  42.84932
66       -136.6583  43.09046
67       -136.9494  43.20992
69       -137.5351  43.44663
72       -138.4221  43.79603
74       -139.0192  44.02511
75       -139.3195  44.13848
74       -139.0192  44.02511
75       -139.3195  44.13848
83       -141.7632  45.01650
82       -141.4537  44.90962
86       -142.6986  45.33209
87       -143.0127  45.43557
89       -143.6444  45.63995
91       -144.2806  45.84082
93       -144.9215  46.03813
95       -145.5668  46.23184
95       -145.5668  46.23184
95       -145.5668  46.23184
97       -146.2167  46.42189
99       -146.8711  46.60823
100      -147.2000  46.70000