34.0, 	120.0
35.0, 	121.3
36.0,	122.6
36.5,	123.6
36.8,	124.6
36.9,	125.4
37.0,	125.9
37.2,	126.1
38.1,	126.4
40.1,	127.0
40.3,	128.5
40.6,	129.9
40.5,	131.3
40.9,	131.9
40.5,	133.4
40.8,	133.8
41.3,	134.1
41.9,	134.3
42.0,	136.0
42.9,	136.8
43.0,	136.9
42.9,	137.6
43.5,	138.5
44.1,	139.2
44.3,	139.4
45.0,	139.2
45.0,	141.7
45.5,	141.6
46.1,	142.8
46.3,	143.1
46.1,	143.6
46.1,	144.4
46.5,	144.8
46.7,	144.9
46.8,	145.5
46.8,	145.5
46.2,	145.6
46.5,	146.3
47.0,	147.1
46.7,	147.2
46.6,	146.7
46.8,	146.0
46.2,	145.7
46.5,	145.6
46.5,	144.0
46.2,	144.4
46.2,	143.4
45.8,	142.5
45.0,	142.0
44.5,	141.5
44.0,	141.2
44.0,	140.2
43.0,	139.4
43.0,	138.7
43.5,	137.6
43.4,	136.4
42.1,	136.4
42.1,	134.6
42.3,	134.2
42.0,	132.8
41.6,	132.2
41.1,	132.5
39.5,	131.5
39.6,	130.0
39.0,	129.8
39.6,	129.4
38.5,	127.2
37.1,	126.4
36.5,	125.0
36.0,	124.6
35.0,	124.0
34.6,	122.9
34.0,	120.0